user_id,danceability,energy,liveness,loudness,speechiness,tempo,valence,instrumentalness,acousticness
connor,0.6379205372418773,0.8003762485664534,0.11341793790669664,-12.077,0.05723364924285507,112.055,0.5654855219209047,0.005530381372059469,0.37189413815017214
connor,0.7001674300223963,0.7864496066244507,0.09493147573687785,-4.867,0.0,96.003,0.7095274753583474,1.5833226717147942e-07,0.1370676390846956
connor,0.504531695878464,0.5677692836554129,0.08891508309987678,-8.117,0.027347381856755226,90.042,0.08016557878864937,0.7937736077465286,0.6537746031843552
connor,0.6694127909833895,0.7267084412597077,0.060813843105548236,-5.054,0.03251150214590143,139.989,0.8606891640926646,1.9802233620071863e-05,0.01978365564873279
connor,0.7116699742749302,0.23927536696938503,0.06828238430196866,-13.496,0.031122432602499417,100.133,0.46882621960761467,1.5120694326779678e-05,0.43116230155496965
connor,0.54452205620163,0.6364679705248406,0.17771519974665625,-7.917,0.030449243952476446,88.041,0.4060555636832771,0.07402013063771949,0.2324454233928981
connor,0.25221119497178945,0.2865791275595921,0.10026897311796812,-14.907,0.0380449848897772,147.244,0.17454709076700037,0.8323854361114199,0.9761354671298035
connor,0.37739070233292005,0.568788065026497,0.08381950586963556,-5.702,0.06945195029526308,80.088,0.48942649775361124,1.936104140441239e-10,0.5211309313300466
connor,0.7353904036829437,0.4566961644446588,0.1456908289074278,-10.825,0.0297588232571811,111.003,0.6082008054659087,2.3474009925864783e-08,0.049645389338635
connor,0.6845947983023292,0.6606544195468708,0.10272676936336364,-8.128,0.033104685643443654,117.019,0.2635702072374944,0.017490170329706067,0.048541922273019976
connor,0.7036707137240693,0.41171213259412487,0.10309532153912626,-7.623,0.03321774847775372,138.109,0.6971344194998145,2.8771563697600028e-05,0.8956428995836823
connor,0.5458058168951747,0.42922116972341834,0.09756584699070472,-10.636,0.032092458935968626,141.091,0.2905327664362007,0.4033271272056865,0.7575490200867089
connor,0.32933446900813906,0.8946918969473359,0.2653010733059579,-4.488,0.04854905811360055,160.947,0.6008079547010845,0.7590005172779751,0.361092550801619
connor,0.5879141607919647,0.6134175150654846,0.10735086601434775,-9.656,0.03957394183945012,119.536,0.19597675371559214,0.04215487852666723,0.3688494704136669
connor,0.5002937842654565,0.7885771228236036,0.27152177382874304,-4.631,0.03337667761343188,119.76,0.6494224960656891,6.946734419324325e-08,0.008673814307267078
connor,0.44118802734016765,0.7112215595077069,0.23560848722406694,-4.906,0.03295528522660929,155.289,0.6488219951256474,6.331441849445368e-08,0.06824049875583797
connor,0.5307365126446892,0.765249806731984,0.20929616893677078,-7.844,0.0349153727934689,135.457,0.4595875747791264,0.00031258894903944554,0.00679627138549977
connor,0.6694342550658654,0.38861401353130165,0.09052365498443883,-11.547,0.030596763854674247,130.015,0.6418319931011655,0.1602058459559168,0.6046017133222509
connor,0.413398241574042,0.7071905955555812,0.2932068994628283,-8.65,0.03746992661324916,94.614,0.490073054988629,2.8353381925122858e-06,0.023231372276033273
connor,0.37071295617664757,0.5126577575160892,0.374939146574937,-7.495,0.029399189321450414,100.893,0.5471470818011397,1.3695778993382826e-05,0.570170375735414
connor,0.7513773497752725,0.2276936506488077,0.07290424495658386,-17.085,0.045266756485398296,110.42,0.2158453766048153,0.33470009658802274,0.7328204036720414
connor,0.5072041723721572,0.5172231963190532,0.10352459002889125,-8.843,0.026968040003287175,118.014,0.41921829465072746,0.2753304889033682,0.776191919894737
connor,0.49434763716925734,0.5454123123070334,0.7094460113115562,-7.205,0.032789918885710145,126.338,0.31877867224779033,0.0003269083183677131,0.31218281360558986
connor,0.4829303552963969,0.3425448379472916,0.09931189374897137,-9.283,0.03084585488210484,86.007,0.04426374949432752,0.9653823521635815,0.5175411655333384
connor,0.5174388183624391,0.4512759216152228,0.09906063719893422,-8.877,0.03352256694510325,129.958,0.33417440976683327,0.09630009489440435,0.7852654987503987
connor,0.5010454478207476,0.8519503537700818,0.37834747016684234,-2.812,0.03749969412190546,129.954,0.5565079132195538,6.4534678034932615e-06,0.15018059962506508
connor,0.5380983722418867,0.8895525903540521,0.272370785692251,-2.622,0.04987358967074751,121.03,0.40222704042079094,0.04607121450602717,0.02476591495068302
connor,0.5806475116660705,0.23205467614574143,0.1114689291054269,-9.343,0.03085070571556342,84.861,0.3499264944076818,4.39013281989148e-05,0.7226935616752972
connor,0.6384285858693218,0.8700500187003091,0.1968547654523982,-3.895,0.028175517478308265,89.979,0.8358361219569048,0.00033996052542241927,0.1702877543558748
connor,0.4716536480488812,0.5273115980411125,0.6038350416248595,-6.194,0.029676211098821903,144.192,0.3178581224231817,0.00031780919108367244,0.04943071956531181
connor,0.5438818090603966,0.4359340650031662,0.1411464452652015,-7.23,0.18445978471699764,80.159,0.681857068559596,2.305656786225402e-14,0.857893577711186
connor,0.3888564713545776,0.5324591880270517,0.08977702838113229,-6.18,0.03664969537836443,130.725,0.4361612551344878,2.80398745258403e-05,0.0019591161349004423
connor,0.5417308237774778,0.6652773152208276,0.09338729151378083,-5.213,0.06918435497006958,183.939,0.459139353829902,1.509038049402172e-08,0.18945829091848293
connor,0.7175149543161294,0.7094883618309195,0.17812744800369565,-5.013,0.1392306927364838,104.691,0.6080472143263271,0.0037866956473261238,0.008541970114140566
connor,0.5510721606569057,0.8360962480219987,0.16214860535180095,-4.65,0.047663600764714376,96.986,0.29052824603966443,1.8333991842881052e-06,0.13557317230232172
connor,0.5946248364919757,0.8406885921470125,0.17498171615827002,-7.443,0.03118377968034708,129.992,0.5707238476992059,0.005138653732342592,0.02223011997298035
connor,0.4418010459361281,0.7948986511784607,0.27901982540764897,-6.439,0.04737559950070708,156.02,0.6811159205054103,0.00028429321266305104,0.035589584555947254
connor,0.6778071940132987,0.2749675433543949,0.10658225155446302,-11.383,0.03445348599353926,101.257,0.47988167399157744,0.00017723636700643807,0.6003917995655684
connor,0.4199874005867637,0.6132022852086005,0.09943369263515037,-6.188,0.031731612972968226,77.974,0.10848200229014222,0.0010076302060550478,0.010434671129413401
connor,0.45990813479392584,0.6115878283833921,0.3411095975915331,-5.856,0.039304834256374155,147.751,0.5350553805160675,0.00032042341875915823,0.02091585840905834
connor,0.16517932960236265,0.744182028040338,0.29470124584574947,-5.529,0.0,93.037,0.18107388547822972,0.009684161999583923,0.008514441580639109
connor,0.4748670857678931,0.7059568161111041,0.13071280064061266,-7.861,0.03400650003985467,146.782,0.46154500940487375,0.00013709708177018007,0.5753321271603937
connor,0.43655832495549035,0.6461357467484848,0.7493526544471655,-5.305,0.03734189277783945,119.969,0.3557904181923206,0.029203922132630632,0.026410493769889486
connor,0.5798500297761507,0.665180321188179,0.06953327420903986,-6.775,0.04298625914852028,146.051,0.3369484440707357,0.03152784220017115,0.26449070690442356
connor,0.6004271094698487,0.7702888896645451,0.16765921451661195,-5.209,0.02784782279749437,111.127,0.7642358287932262,0.9501419322433348,0.347921345218876
connor,0.6322868648365102,0.7332880695630855,0.09881559144643859,-6.924,0.02933693669387827,107.056,0.7033938158288462,1.0382892361943014e-05,0.1786138852729664
connor,0.7962967945458603,0.8805332051834237,0.16257543685088705,-4.219,0.03065120855357345,129.066,0.9685706954011744,0.0008672127198425149,0.6642386511654945
connor,0.48197853974222005,0.8082114707705953,0.1280802652347784,-3.1,0.030939742176211427,122.212,0.5343374869526231,0.00019893006380919715,0.020637455354493607
connor,0.5563122472320865,0.894063113757888,0.854194120155506,-5.7,0.048901762392751735,174.036,0.9351309997526412,0.00043079495720158484,0.03240215241279193
connor,0.5139364562906387,0.8808135895302746,0.13865095456324994,-7.154,0.03634047285642722,149.004,0.39657604084937664,0.16004216717761396,0.08700410501524282
connor,0.6236698228445627,0.5730135271777499,0.21218606101384258,-8.214,0.028096208456711402,129.984,0.6418738999426081,0.31176947705801006,0.19819572846594477
connor,0.6058684314394642,0.9469079694392509,0.07997761140984289,-4.254,0.052097210678337336,154.485,0.8107218196601257,0.0001622675800522145,0.019422184152480846
connor,0.5323180238043292,0.7837885697779323,0.1421015211745438,-4.889,0.053209886224086955,141.992,0.2070916481656003,0.06521787088607053,0.0013925425935192655
connor,0.4248483720343458,0.47918074804829425,0.18230781334709154,-8.329,0.034661302831483276,118.007,0.5323217571685445,6.7710883527012045e-09,0.455118538570258
connor,0.5239231224643389,0.8380411258385542,0.1465249131242769,-5.055,0.04577989995281484,90.993,0.7671108205327942,0.06244897920788865,0.02615635515838181
connor,0.7636573413796899,0.7276864296775938,0.1109601473965927,-6.56,0.04838512118996058,100.021,0.3397959069040134,2.2906077355167018e-05,0.5508982923113309
connor,0.25523767158795746,0.9236392713393092,0.1428149873264216,-5.903,0.29609508080870633,189.441,0.31836304322201725,1.0895692787051825e-05,0.4709716903486766
connor,0.5483508231798023,0.7857681850989827,0.261421098102921,-7.421,0.028444257518432547,140.352,0.46736236429405636,0.01970970802716984,0.860528259476542
connor,0.612534826940093,0.6610977159306779,0.09760845464666441,-4.984,0.02634266122151524,110.978,0.49728446030610357,6.313554929536095e-08,0.006523266470741015
connor,0.5790283139156195,0.5535141105263455,0.10085972222482313,-7.08,0.05874794392803884,185.183,0.831016814388029,0.022068427238684876,0.017463728660680054
connor,0.4195769539761866,0.7915431969101554,0.2141380686177771,-5.909,0.028017367466613374,175.389,0.7131240387628819,0.0006213659325317709,0.00777544115886067
connor,0.6079959474195714,0.6421077110504428,0.166070406704515,-7.978,0.025117905321080325,87.703,0.6074966249870564,0.06665282119559544,0.16974430351645975
connor,0.9848780190575326,0.8951756625386214,0.06284058347213312,-7.815,0.04712418773678434,119.751,0.9676518840915228,0.012764022441303324,0.5528206874384772
connor,0.7037115170921538,0.6743822361484295,0.09781269977600726,-7.389,0.030835436061185884,134.981,0.7034415075087455,0.0517686567139742,0.1754585483431369
connor,0.5215306131522351,0.7430993240309073,0.14648095319104018,-5.518,0.030662897135431633,125.993,0.18769300572058392,0.5116427039999677,0.0009125757531548889
connor,0.7650788311314539,0.788186301728716,0.051326039155327276,-9.896,0.03315996705088292,126.879,0.9633137677007859,0.5884090995867864,0.016574287712390938
connor,0.6008876473865229,0.8733710680587626,0.11289565769587177,-5.866,0.04478497189758368,124.997,0.5663174825590748,0.03650713741329411,0.0048796710644525764
connor,0.41845783063239966,0.6328468348836244,0.11145067826734284,-6.223,0.03254514348778925,77.901,0.1227198331126743,0.0004311536160662903,0.01170338627893301
connor,0.4856862032421918,0.5817388124691002,0.10676380623249682,-6.838,0.13903450839133613,88.061,0.33056127361585674,0.0006487108091758102,0.29178823861753556
connor,0.4398048796620796,0.8335502699903387,0.2106338533599023,-4.9,0.04033171134466407,117.011,0.1612178405408067,3.2312696189912534e-05,0.0004106474263525814
connor,0.5371813072511338,0.7503826672593878,0.09983507276742913,-6.266,0.028183924209796984,147.979,0.807894346979997,0.0021773360008164565,0.004349636005540517
connor,0.5333005596158871,0.6288755833311732,0.3572731624228427,-8.423,0.040969193138655546,123.949,0.1695494736109278,0.36561959436943886,0.42496322957023297
connor,0.5533047506386782,0.812636536262327,0.10699004901282416,-4.915,0.03975075949370982,145.048,0.7554700788799839,8.100391848781218e-07,0.004041271519352445
connor,0.4735393039861151,0.586348012256891,0.07716553732705542,-7.572,0.036091224486116846,170.633,0.48050948754298745,0.02322920109399252,0.5591046525713783
connor,0.42796035328971255,0.8861973488328788,0.11934397431382139,-4.789,0.04131069653390679,119.292,0.32334043506698956,9.398955130901887e-05,0.13369863853329414
connor,0.6126151495675404,0.8847082659184279,0.09974486957736366,-7.463,0.052032692130625224,118.506,0.9206652848746755,0.7459584364012417,0.08035408702014406
connor,0.5677913558232347,0.7365626102109005,0.36240419172307525,-8.221,0.025581447104265465,98.84,0.4933251176770276,0.1978491224085095,0.3833134495968943
connor,0.46424336855675286,0.7972036097629754,0.39205980449998196,-5.244,0.03328985517435923,129.964,0.5513784677125362,0.00030448052572694406,0.006000414880322172
connor,0.21918100552667347,0.43501871361819844,0.09404416218151482,-6.87,0.030599593001187864,88.945,0.10798858508535883,8.595697991627383e-05,0.8125783042040484
connor,0.46149087698449776,0.9144819987769452,0.19428425501667068,-5.376,0.06706177962238491,161.683,0.5012241677943993,0.021899553931804098,0.0038710093383875423
connor,0.4066706120548131,0.4881101968519183,0.314788834079895,-6.515,0.03281061263506202,93.939,0.3062190006832146,0.873961865600249,0.09185353555441034
connor,0.15672250669228868,0.7176661204002119,0.12238669185172972,-5.094,0.0422249178847392,59.084,0.2040783192526478,3.311281048032774e-07,0.39376343157881427
connor,0.7277290016786172,0.6710454370402745,0.10944716492159709,-6.772,0.027033164433139634,131.72,0.9553925211191593,0.0057423090212744545,0.30667116691208546
connor,0.5046003044647288,0.645051505139859,0.104800616989774,-7.738,0.0374778913277341,91.84,0.7211230430132743,0.022668913237153417,0.8644671475252311
connor,0.45671814280998346,0.6539557929755255,0.11393629802738794,-8.153,0.0331366195368934,79.953,0.7784118996024425,0.5068611924499937,0.45496516587674224
connor,0.5883245011724879,0.6334099940167018,0.13884265137428406,-5.772,0.039157763155421466,119.908,0.5816526325385325,5.9453692920751344e-05,0.15316451630418798
connor,0.31389807260258484,0.4254233651484656,0.3035073435824574,-9.379,0.032034828429299556,161.774,0.4538622184554571,0.0008194735892425123,0.8961661683106322
connor,0.6122695191370258,0.5728875124075054,0.11549622222983229,-7.31,0.029913483211651937,109.996,0.4253527823992416,0.04207739760124619,0.9197159796427846
connor,0.15230254520415573,0.6353171440907857,0.05921467500488277,-3.838,0.03527327426474092,73.979,0.227152238534429,0.012534244002973496,0.4730072230903167
connor,0.26532076827876455,0.6219801284523293,0.06262445595276582,-8.693,0.040672623434332256,180.057,0.46556264297853084,0.04842790694931989,0.8711790638717377
connor,0.16371117322127576,0.5746267196539675,0.3777367112056254,-7.25,0.033109891491743926,73.489,0.40247837318100455,0.31220408872728583,0.6967299448370411
connor,0.6856131514987458,0.17199176761690357,0.2858209403232571,-14.979,0.04092153958418032,133.899,0.5524295491097916,0.0015377215259089066,0.9087335942233452
connor,0.44642786369167853,0.642744167558773,0.09513819225643795,-7.925,0.056149932379439715,99.608,0.5269030624537978,0.0008176389871575814,0.670289036584572
connor,0.5334890959374833,0.7831530680734949,0.1088586481041768,-4.992,0.03140424986132789,109.899,0.7141280898810096,3.438352404171188e-10,0.04011098711829388
connor,0.5419353529141991,0.8397411388742794,0.11697638855588122,-4.91,0.04972206169971599,130.093,0.5668371911267021,5.963987260612991e-05,0.010033405757939987
connor,0.5150074891413526,0.7996763387599306,0.33164257639876504,-5.553,0.03205782824037989,95.871,0.7157628200025383,0.0021921185391589625,0.29075149712387477
connor,0.463755331919194,0.7853314057373795,0.3280455916306581,-7.42,0.04355187965359314,153.005,0.5051308034046554,1.4554383942754674e-06,0.0011704151301754205
connor,0.5737492511529364,0.5877846935098374,0.08798965530920601,-5.312,0.042669285666998846,139.931,0.5272700794872593,0.00016284851222284565,0.0064028487556294185
connor,0.5581733605718001,0.856183723636809,0.39526044368461516,-7.055,0.04099301835231428,108.194,0.5910738972024818,9.045810006029424e-07,0.03514667095477071
mlhopp,0.32933446900813906,0.8946918969473359,0.2653010733059579,-4.488,0.04854905811360055,160.947,0.6008079547010845,0.7590005172779751,0.361092550801619
mlhopp,0.4398048796620796,0.8335502699903387,0.2106338533599023,-4.9,0.04033171134466407,117.011,0.1612178405408067,3.2312696189912534e-05,0.0004106474263525814
mlhopp,0.5805927860508889,0.4939412592703471,0.20046021720157187,-5.945,0.03098537795467965,121.957,0.3681866525850185,4.20340560993619e-06,0.5946021948331244
mlhopp,0.4199874005867637,0.6132022852086005,0.09943369263515037,-6.188,0.031731612972968226,77.974,0.10848200229014222,0.0010076302060550478,0.010434671129413401
mlhopp,0.2636885408601066,0.6535614933994567,0.1226740436477774,-6.42,0.0697289194693137,206.744,0.26556150545162605,0.011122231880099769,0.0024099024015835995
mlhopp,0.5783571931855983,0.8246192396969956,0.16161760781833442,-4.659,0.02838650345511895,113.907,0.9591425516383397,0.02014157404071513,0.046309174035905204
mlhopp,0.43655832495549035,0.6461357467484848,0.7493526544471655,-5.305,0.03734189277783945,119.969,0.3557904181923206,0.029203922132630632,0.026410493769889486
mlhopp,0.427629044044451,0.9442984759433356,0.057821245452954056,-2.9,0.034557305513993386,91.445,0.5265360138096403,3.707096773478242e-08,0.0009912073999004097
mlhopp,0.6583840358807184,0.7370459328144596,0.09796911111780116,-7.176,0.03568187068362105,89.97,0.32985681287424085,0.38250258994822595,0.5645508179895408
mlhopp,0.3868043433254728,0.8345921380194216,0.18642069575826506,-8.34,0.027779690007404934,140.108,0.5445893401021045,0.029536939014955983,0.019996426414260776
mlhopp,0.6004271094698487,0.7702888896645451,0.16765921451661195,-5.209,0.02784782279749437,111.127,0.7642358287932262,0.9501419322433348,0.347921345218876
mlhopp,0.6621173883613256,0.49839322674139935,0.322230587660161,-7.546,0.026226672591191047,75.975,0.6241595419832605,1.2803591863696399e-05,0.253017754986249
mlhopp,0.7962967945458603,0.8805332051834237,0.16257543685088705,-4.219,0.03065120855357345,129.066,0.9685706954011744,0.0008672127198425149,0.6642386511654945
mlhopp,0.6597473472172909,0.6245778975626137,0.32671349745702694,-6.638,0.031413729801001766,136.065,0.4387361173397942,0.05619254608972579,0.02883612803804451
mlhopp,0.626890811421912,0.6331806057631445,0.21558836677970605,-7.41,0.030456431716539167,85.999,0.7776167675289468,7.066828458721135e-05,0.13278271088464622
mlhopp,0.5855654479277459,0.6268917977616354,0.11537031532083798,-9.818,0.03531878203746974,119.522,0.18449567149927806,0.025676123570801686,0.3623907444195665
mlhopp,0.7345117159776055,0.7592640890685677,0.0965622819615936,-6.914,0.04494558048509334,109.982,0.7629252139154656,0.18454949367716514,0.024175749711629776
mlhopp,0.4726545103025773,0.46115418598486235,0.09730400281332977,-6.474,0.33262060687662437,165.985,0.6110639781999299,3.334249150867358e-08,0.14914108595623965
mlhopp,0.6818430494620089,0.654661204307663,0.15821163322238338,-6.426,0.06497737008933285,101.024,0.33793843106812765,1.984509707933387e-09,0.20986174588137693
mlhopp,0.7485048174157517,0.7450025443037438,0.07481923476951526,-7.367,0.047938312895066504,115.048,0.363043644715486,0.3951944298042968,0.004095439149994492
mlhopp,0.6092842345740328,0.8737640009802728,0.328321045889169,-3.889,0.029328329981837264,112.011,0.7498987873592684,4.99403346153981e-05,0.02633820728856191
mlhopp,0.5766206016905847,0.7472538325727615,0.11325678027477679,-4.948,0.035907468555131106,124.601,0.2870340306419859,0.08638804152476313,0.0240626699267185
mlhopp,0.6009953232013752,0.26221538694653673,0.1109279500159147,-8.743,0.034400940488041376,76.349,0.21346215911104222,0.0012009356697548449,0.8040502189693467
mlhopp,0.4295138205017899,0.7711265400574955,0.1214492619610447,-7.176,0.03746084818011086,201.001,0.7581192042337641,0.023948017934737973,0.08762618887325224
mlhopp,0.4119939338603989,0.5993053896201116,0.3364156772726123,-7.083,0.03771900745566459,105.693,0.2848326917027596,0.00012001944528079167,0.035596414994724025
mlhopp,0.504531695878464,0.5677692836554129,0.08891508309987678,-8.117,0.027347381856755226,90.042,0.08016557878864937,0.7937736077465286,0.6537746031843552
mlhopp,0.5417308237774778,0.6652773152208276,0.09338729151378083,-5.213,0.06918435497006958,183.939,0.459139353829902,1.509038049402172e-08,0.18945829091848293
mlhopp,0.7169551369915774,0.48652047734794857,0.0792208550895945,-6.115,0.07396135458220071,83.023,0.470276835480411,0.06195688405227863,0.014021515385543344
mlhopp,0.43252815952405244,0.782087007586102,0.37968912699789503,-6.359,0.03626458728962029,94.995,0.4924030320307687,6.539042463666044e-07,0.01080760103382974
mlhopp,0.5579774609677508,0.46957591597618303,0.5317284030845957,-5.5,0.03159371852502446,118.06,0.42221024213887726,0.9141682059588013,0.6801910609537888
mlhopp,0.5000219917015805,0.6960433959114565,0.24942622882344012,-6.561,0.030572861459214062,170.03,0.5313087871190987,0.004626430862566279,0.004312622753715774
mlhopp,0.448025529510617,0.7327336907139941,0.16919142641335347,-6.238,0.029186580221036096,142.008,0.4041752595018462,0.04251680869178234,0.036857530523488204
mlhopp,0.6963118611869091,0.9153960105073013,0.3904384855984843,-5.628,0.03848731165366953,118.037,0.6363740502119397,0.0730990557650726,0.003238224769784791
mlhopp,0.7728384079762968,0.20769549869254605,0.1427005963419719,-15.758,0.05273072513976268,120.409,0.587449562486925,0.00016028638214966883,0.8664415520330242
mlhopp,0.396802304172825,0.18832418206196638,0.12599047266425517,-12.851,0.036437546883277994,184.057,0.3450767459368328,0.0006147029190983894,0.8619707849337435
mlhopp,0.6396318522481884,0.7406643115443741,0.12834415575703834,-4.077,0.02851300527336348,116.887,0.7595692869976739,0.011220062307448398,0.013231534541660114
mlhopp,0.3096126196815342,0.9069047517157376,0.24678327975014142,-2.279,0.059061889832149994,149.931,0.5063324521950409,0.36890440329674584,0.04532117718719834
mlhopp,0.35916937930984044,0.39068350991916256,0.1626355061506881,-8.034,0.026019362035477667,154.66,0.18228864791157312,0.07080400837140807,0.7950287078724461
mlhopp,0.3452032598265746,0.25895380738589296,0.12357642026610147,-11.16,0.036846501044553615,117.563,0.1427618234558201,1.174373399983207e-06,0.9181609801092395
mlhopp,0.6778071940132987,0.2749675433543949,0.10658225155446302,-11.383,0.03445348599353926,101.257,0.47988167399157744,0.00017723636700643807,0.6003917995655684
mlhopp,0.6004282561636178,0.411824994274712,0.13414012784271892,-9.343,0.3437420669173691,113.049,0.4086463289586507,0.0024980320708245774,0.614793036172027
mlhopp,0.5957022487426474,0.5254628998959485,0.348075350902835,-6.994,0.02832894956035642,120.064,0.4691915079749859,4.6197272490878417e-07,0.063086580737877
mlhopp,0.4829303552963969,0.3425448379472916,0.09931189374897137,-9.283,0.03084585488210484,86.007,0.04426374949432752,0.9653823521635815,0.5175411655333384
mlhopp,0.49669655129280255,0.8033670814249327,0.088365503560793,-4.865,0.03365881430581602,130.031,0.5475803706931222,0.00013561374203398523,0.05986917256501905
mlhopp,0.493167240415096,0.47298402940834394,0.10657004396780323,-8.468,0.0282459932999351,127.077,0.09035617235506802,5.27771497573053e-05,0.1444419579198692
mlhopp,0.6114663834430428,0.5662909434768295,0.13280775790088822,-8.038,0.07951138220265186,79.972,0.6418622870200954,0.0006160701059188671,0.4629336046624629
mlhopp,0.2890168328366632,0.2541558406482935,0.13459889281862744,-11.218,0.04744541312963618,77.499,0.18475863075927806,0.07452435403751762,0.870513118845669
mlhopp,0.5427799016601181,0.7065783092819055,0.1176732674358445,-7.636,0.0700257418238372,143.915,0.5002767633924968,0.04143838977838307,0.6140569957593307
mlhopp,0.41600246887117,0.21410979939993816,0.08929831215492158,-15.696,0.043222027299068155,120.04,0.03575092331068136,0.9562321788360465,0.9688446006059117
mlhopp,0.26989733371530095,0.8300494558495142,0.14172698531807926,-4.592,0.07411127140849133,117.314,0.18982847038267248,0.43364770899622723,0.009555025062539158
mlhopp,0.6683126700139127,0.8747005119011465,0.40409023887239826,-5.509,0.03402422461879945,127.006,0.8108317984853742,0.7889446750004798,0.07239601298003309
mlhopp,0.6916527651151285,0.46657692656077715,0.05904322217171779,-11.577,0.03360114860045216,126.407,0.4157998426179427,1.4257948598381778e-05,0.02458536730657058
mlhopp,0.570152324029121,0.3433353912329646,0.15893910725658808,-8.329,0.027671267873050298,95.94,0.4325082530589756,2.4198574603954116e-09,0.8868305688990145
mlhopp,0.596829531604089,0.6659027926368535,0.3632312616317526,-7.695,0.0,74.302,0.9184056585022411,7.25954316986698e-08,0.16870630085173752
mlhopp,0.7289203921051529,0.939576342803205,0.09627260357314751,-4.933,0.03820947960057769,113.804,0.9655713469986387,0.00026150150562562175,0.08452994547316861
mlhopp,0.7585214489538251,0.9555906399024084,0.2111465442997704,-2.292,0.03812954364377691,111.135,0.9646604321422413,2.0319995432605123e-09,0.04063298931581089
mlhopp,0.5994130164789226,0.36022130493364485,0.08486005955432405,-10.347,0.032001476469856294,130.029,0.09990012479882139,5.437378835466478e-05,0.6332646948244847
mlhopp,0.4269906265832119,0.46540526227061885,0.1535171938734118,-6.595,0.029128066291053356,112.137,0.462445727958101,5.515321774421794e-05,0.4614251440644415
mlhopp,0.6093368594456257,0.6683251049837756,0.11272172902262069,-10.502,0.045916774138937355,124.67,0.7637148528987103,0.1206327326528348,0.5939559215202151
mlhopp,0.3828380714568242,0.7782617842900591,0.21003020070549808,-5.838,0.03449667205091267,136.005,0.5098127220085752,0.0006563422950027133,0.00022737816883398608
mlhopp,0.6478964896359319,0.6725164160363943,0.3878162134627342,-9.872,0.04521476152819731,120.008,0.766293625559263,0.9239524420306385,0.02591768308152082
mlhopp,0.6339879864038745,0.40424720715906654,0.12453868785986201,-10.45,0.028716395471992062,118.868,0.5921799124288355,0.011048991089206286,0.4921448618622177
mlhopp,0.5472879782139201,0.46886758992329924,0.11370373487822576,-6.605,0.03069578890315461,129.935,0.17985145928740556,0.38687845290449785,0.03527029779909491
mlhopp,0.553466019357431,0.3277149782575808,0.09062255397380412,-13.52,0.08123975517134474,135.001,0.8010709900688909,0.8937536059183326,0.7488740172367839
mlhopp,0.7457293267114635,0.5293610786601144,0.11426788462795584,-8.107,0.03504198788148433,96.039,0.5070203661620012,0.0009087081128314053,0.42391026033676293
mlhopp,0.7175149543161294,0.7094883618309195,0.17812744800369565,-5.013,0.1392306927364838,104.691,0.6080472143263271,0.0037866956473261238,0.008541970114140566
mlhopp,0.38881970413227385,0.6971086381226087,0.13493378907885362,-7.215,0.03146747698924185,90.853,0.4106151210712651,0.20731665576428626,0.0002687582487194641
mlhopp,0.5638138302070839,0.6027395293301658,0.34569845924302983,-9.537,0.07718109433092274,170.08,0.38671989356739495,0.0013007290975006061,0.6820578059638702
mlhopp,0.6112109494063506,0.681383582394271,0.12624625258891656,-6.158,0.04280759702836617,120.001,0.6000039836147947,0.1084170016357948,0.019892052067124473
mlhopp,0.33793327946213003,0.8566181968894357,0.1446636236065834,-2.902,0.05247607328666293,99.877,0.7511309524870882,0.006542656698222994,0.00011698860319169014
mlhopp,0.6343111335443643,0.44574859776218345,0.10854085134784343,-10.345,0.04103770824011349,102.977,0.4955477751989017,1.9634884892461267e-10,0.7650052509248569
mlhopp,0.6580170547755784,0.1790549611344765,0.1703661649845121,-10.866,0.044750382504681496,128.128,0.19716299041118668,5.950352183976598e-08,0.6885843941227517
mlhopp,0.5807458994312131,0.5832525130101768,0.39340968585315783,-5.681,0.028015327882276786,129.991,0.1762412882583714,0.11397082373851102,0.011075031305628915
mlhopp,0.25651042240446403,0.8050714960508535,0.3204478722317639,-5.119,0.08891240029008035,87.019,0.47624123316684475,0.35566789848467134,0.16375549960521238
mlhopp,0.6464169377892819,0.7479037216760226,0.19109929245721807,-7.908,0.030968522646041274,130.023,0.47111698719768363,0.6026378152803619,0.19810619650086062
mlhopp,0.48197853974222005,0.8082114707705953,0.1280802652347784,-3.1,0.030939742176211427,122.212,0.5343374869526231,0.00019893006380919715,0.020637455354493607
mlhopp,0.5563122472320865,0.894063113757888,0.854194120155506,-5.7,0.048901762392751735,174.036,0.9351309997526412,0.00043079495720158484,0.03240215241279193
mlhopp,0.6058684314394642,0.9469079694392509,0.07997761140984289,-4.254,0.052097210678337336,154.485,0.8107218196601257,0.0001622675800522145,0.019422184152480846
mlhopp,0.536716366015669,0.7126272818189452,0.1000162005483446,-6.25,0.02722129409295798,93.198,0.3521317021019399,0.6499044306630072,0.22682371166563425
mlhopp,0.5453202687093625,0.7950365210946675,0.11186525719315664,-7.181,0.030253609601298026,121.975,0.8834513818019196,0.17265577001853288,0.01996716525381643
mlhopp,0.6832606451272533,0.8236223930622725,0.05328696963834144,-8.569,0.22164012469628697,154.008,0.9213952355383388,0.6269685124836234,0.024916230958251562
mlhopp,0.6694342550658654,0.38861401353130165,0.09052365498443883,-11.547,0.030596763854674247,130.015,0.6418319931011655,0.1602058459559168,0.6046017133222509
mlhopp,0.5170866638848837,0.20595147704804864,0.11758755858486172,-12.233,0.0420743022594704,80.401,0.4864529436473949,1.2262381511225155e-07,0.9241252379190273
mlhopp,0.7000292332026177,0.5682156487005461,0.2239435382813642,-11.067,0.026270082099818348,111.85,0.8063970517950882,0.0015221899406286502,0.007030010256227406
mlhopp,0.7289596655366994,0.2668944083729375,0.20937093742750254,-8.63,0.031109748243630664,119.985,0.745704045249162,0.00011425792493712601,0.7941278875317852
mlhopp,0.4881496509529791,0.568195102994996,0.20611120404882202,-6.668,0.03360350414761071,117.271,0.23459499112696244,1.0347741758326652e-05,0.7321539799089023
mlhopp,0.347776758858724,0.8822266782271045,0.42212957119515315,-3.766,0.06492222097965916,165.845,0.6548125857934917,1.6824122648329942e-05,0.002727057191934977
mlhopp,0.6247951817950892,0.6225876012296987,0.15698369347066266,-11.125,0.0654576155700976,143.991,0.2007290847720111,0.057562335443290764,0.042845764275078684
mlhopp,0.7377691227006176,0.8494891489113116,0.3085114288505688,-6.246,0.082199329402949,95.987,0.8629682022435294,0.031662477418828515,0.023314256814570004
mlhopp,0.3295524228274668,0.7714887439839558,0.1648767550888336,-6.063,0.03535828721062639,95.938,0.4157734318344887,0.025496054573076552,0.03322794492034446
mlhopp,0.5372517056973882,0.7120536122168863,0.08000317072810241,-5.597,0.028649201785303002,159.871,0.7006145630461043,0.00567552477802306,0.28906560131640013
mlhopp,0.5743968091970963,0.8961156556645041,0.48003367975606515,-5.302,0.036880165951263255,94.014,0.7775546992217027,0.0127061017995072,3.0883644867361315e-05
mlhopp,0.5812192200208625,0.6958412574685133,0.3222472813455952,-8.75,0.10812156864463318,160.891,0.9119657240904118,1.1809403175419853e-10,0.6726561778811335
mlhopp,0.48372600646102965,0.8405127511507856,0.14782686183281601,-5.438,0.029116445232157562,92.124,0.2862639347089209,1.7138023328045077e-06,0.01960802080293245
mlhopp,0.5213381101891885,0.751563961756887,0.06822366985232489,-5.374,0.036908433550516206,105.051,0.28761321300142584,6.248674087182748e-07,0.019142359063656373
mlhopp,0.47205808793316867,0.8553253744751479,0.8874074649408614,-6.937,0.06899053795810273,154.908,0.1660320199918404,0.930264835246291,0.0003730703193239486
mlhopp,0.2074034627625222,0.878208012201981,0.34069951691233175,-7.212,0.04486490972441909,89.969,0.13506419041291054,0.4206880152631124,0.004406896327081495
mlhopp,0.6929372131496324,0.3996644989607639,0.09863206180452784,-11.631,0.03189596419675078,117.954,0.5792175717105323,0.802670308589539,0.9029887575947884
mlhopp,0.5046003044647288,0.645051505139859,0.104800616989774,-7.738,0.0374778913277341,91.84,0.7211230430132743,0.022668913237153417,0.8644671475252311
naomimusgrave,0.43966353946692643,0.5914300242165929,0.17090295162994898,-7.859,0.03690502710187582,121.398,0.36230924241934725,1.0250224724644943e-05,0.5301222356724689
naomimusgrave,0.2746349338835715,0.7546318766170247,0.20391686974830983,-10.107,0.09012992533124986,165.426,0.5774853851016915,1.9178087213224305e-05,0.004873538208759121
naomimusgrave,0.5357712129736579,0.6641165177857892,0.08139594330183424,-11.418,0.051976678419113354,88.973,0.7603430062893446,9.547668252994951e-06,0.06078677924143027
naomimusgrave,0.39839030055498176,0.29977817822411984,0.2550573586913226,-12.535,0.03326953961372103,127.197,0.15835448943546632,0.0007676363373703976,0.8086414468308446
naomimusgrave,0.2915090247721104,0.3948801182912085,0.08179206455227139,-11.417,0.04661552579168887,121.339,0.31724157846386514,3.927844945070661e-08,0.5355417652042457
naomimusgrave,0.4746540024081805,0.4594989167239089,0.5609746614209833,-10.261,0.02667259763112917,100.113,0.5431745048889872,1.4335265944276583e-06,0.14865369007461085
naomimusgrave,0.44445707472735674,0.8876288714544067,0.4706971335402207,-8.668,0.03938791496344979,142.623,0.8004935994983621,3.6513310473412406e-07,0.3778008165381261
naomimusgrave,0.4984112588990918,0.593187814474851,0.3316881597288774,-11.72,0.09849246274114104,79.47,0.4642707124338236,3.4239772730608773e-06,0.04764683670202174
naomimusgrave,0.5833732060895372,0.6115387863789551,0.44361439738186026,-7.101,0.0310941343441129,128.252,0.7857176329118467,8.548896631139502e-06,0.3545021291271071
naomimusgrave,0.676488832409044,0.9195656970269456,0.24839445456496206,-7.96,0.04346389912647497,126.341,0.6166568912855623,8.652414886626393e-06,0.0010107473984193192
naomimusgrave,0.6278759092439434,0.5675483358300852,0.09055417618614717,-10.695,0.13967601739027452,191.404,0.6182165668029754,0.018291962301574434,0.22799865840117134
naomimusgrave,0.4493014257201078,0.8481306899817108,0.05056879658418719,-7.079,0.052258244451657276,121.574,0.4211930782058976,0.025887348660431565,0.0014020896897004342
naomimusgrave,0.6706586689086231,0.7334205167304079,0.09078714192537947,-10.092,0.03560857427116054,108.603,0.936492056353488,1.0713713074889104e-05,0.13223185437761864
naomimusgrave,0.6188737595414873,0.7027987698650107,0.16323710569271657,-9.414,0.05248398435098495,115.043,0.7084643717900702,0.20548373575913817,0.0038849690929802054
naomimusgrave,0.46274583305536326,0.762091029103222,0.04595146287441936,-9.564,0.045064983450418816,101.89,0.6915110085985656,1.936174722740837e-05,0.022257098607313907
naomimusgrave,0.5400592835120117,0.8376686154703757,0.1110248519908307,-7.95,0.04007816368023137,128.429,0.8183659785885868,0.09846222498041929,0.003652714801992814
naomimusgrave,0.4762606737987654,0.8863134482627368,0.1350593772746909,-8.22,0.0323612751457224,91.297,0.9609607173432582,0.003557762023180492,0.00042107402504831906
naomimusgrave,0.63795202595364,0.8553518326510313,0.10459541034813907,-4.056,0.03541859424963062,99.842,0.4088329956066291,0.0007366470696244451,0.12938320864824635
naomimusgrave,0.6830379562341048,0.9377248065165635,0.14717150403700524,-3.999,0.031121139088481076,119.843,0.9126322519275841,4.424715651625725e-06,0.3688587800692154
naomimusgrave,0.5427799016601181,0.7065783092819055,0.1176732674358445,-7.636,0.0700257418238372,143.915,0.5002767633924968,0.04143838977838307,0.6140569957593307
naomimusgrave,0.6971610559306614,0.8772436066880985,0.08297534356789082,-4.465,0.04624452492649522,101.99,0.7984359375907322,0.009425189306514844,0.4623590431459442
naomimusgrave,0.6002187080846485,0.4131923516664605,0.1091749380488813,-9.572,0.025785336291865357,93.618,0.0768078529580486,0.028899665951698843,0.784978693493538
naomimusgrave,0.7024512310936109,0.6070412222216647,0.12291635694535648,-6.509,0.040529068529462864,116.961,0.436023120204966,0.026297201627887835,0.3637171263856049
naomimusgrave,0.616071218402666,0.6556827427618473,0.20457706055772987,-7.298,0.03441998839980226,150.071,0.28332931459140015,0.0008787511992253447,0.0959544582069661
naomimusgrave,0.6853315254933557,0.5353563610986796,0.0896040599815651,-8.908,0.0362754618482965,130.023,0.21380659425839066,0.40407939902672996,0.8312375915186613
naomimusgrave,0.35570718051288025,0.47977144010859574,0.07841760054591455,-10.633,0.03469915962218484,171.79,0.27626207777159073,0.003265819336471088,0.7778035444891307
naomimusgrave,0.7808994672955922,0.7122001154731235,0.5317080452992546,-6.933,0.09177651674355519,99.02,0.6195249284285097,0.005674178228089086,0.2698359554699801
naomimusgrave,0.7293025877270258,0.8020681257979575,0.03946496675857316,-5.728,0.0436134207302431,114.959,0.8555711777145613,0.03396520670898871,0.017297956392624318
naomimusgrave,0.7437600559152419,0.6134529382270402,0.046627080656049286,-7.802,0.07989083015771065,100.01,0.5185417519630844,0.32946064345189385,0.16104280377949332
naomimusgrave,0.6284842120612831,0.8155747761086353,0.24193378968974716,-6.945,0.0343974069261993,101.987,0.7409794315647964,0.00012891276870186186,0.12758388292097275
naomimusgrave,0.48984753277660636,0.3757441826948268,0.08489878703792153,-13.463,0.04329006264406149,182.969,0.10656842185661963,2.538041709680183e-05,0.7255461996651004
naomimusgrave,0.6741307789495621,0.4015259980407066,0.11187262937763982,-10.687,0.04368709378855917,79.977,0.3161971547967711,0.0006492106980274897,0.2950718285194301
naomimusgrave,0.6568010741819204,0.49301309686995154,0.11831040597802302,-10.891,0.03762990827153301,89.995,0.3951147079760104,0.010230810951373999,0.0035617514478239673
naomimusgrave,0.6394017495627577,0.35387311047787706,0.22331446405760397,-12.35,0.04271139809522878,72.986,0.2497483759202586,0.00042636602708471903,0.4617359187032311
naomimusgrave,0.6717820070573768,0.6422967940511389,0.1390073010000383,-8.669,0.04167136991656045,105.054,0.21333078702308,0.00012387713212966067,0.1607845050496604
naomimusgrave,0.48146112199708563,0.9651036226347823,0.47647526876181134,-2.993,0.08748860169081851,155.938,0.6518242667029664,0.0007274703301984852,0.0009039102916863448
naomimusgrave,0.6382092566593939,0.6319942210338372,0.11504122934644131,-7.589,0.028991593159724882,114.992,0.3306636973037363,0.04064625748324426,0.0009044814347560004
naomimusgrave,0.6205017654747228,0.7959271003150552,0.07188831835234444,-6.179,0.032745171784467564,140.012,0.2884207291454114,0.18713873727640482,0.010695380313487074
naomimusgrave,0.7408617534039413,0.894320940337957,0.08345668516309467,-5.648,0.06904698742156384,111.969,0.30952264012527625,4.886073563798672e-05,0.07597500867599667
naomimusgrave,0.7729859537658033,0.8666086303427311,0.10453436034843744,-4.595,0.060332420049391544,117.984,0.5830695589773943,0.00033324702014002523,0.14459155326606618
naomimusgrave,0.5472000130014714,0.6350569633641568,0.05849093274316179,-5.569,0.13711070980344425,113.678,0.4958697712275214,5.006606716752254e-06,0.012691556336820974
naomimusgrave,0.671407113301117,0.8503339034779561,0.07661563435103314,-5.557,0.04255890273944796,125.004,0.7584418910964227,9.823396602468436e-05,0.018278124167413312
naomimusgrave,0.43646732956669415,0.8088159523013501,0.1787078459539742,-6.423,0.052990914615806295,159.596,0.7591457954591665,0.0028897204454467356,0.09370205834531592
naomimusgrave,0.6761479715670734,0.8887002287420159,0.09781028778046379,-4.277,0.04406226564658555,139.963,0.6439608475379671,1.2033213660455295e-06,0.02835447391421389
naomimusgrave,0.7427315836440082,0.8802396810937009,0.05386868990474983,-4.748,0.05091494359728077,119.999,0.48190097256652986,1.7845334100162021e-06,0.005898701254104415
naomimusgrave,0.6500161437933,0.6582768166019852,0.10815963169405579,-5.698,0.11314403539904289,152.496,0.8547446820934643,1.4487882390602014e-07,0.33072989278468845
naomimusgrave,0.6761697191068897,0.7072737170384626,0.08894063250555813,-6.834,0.03044265304139865,145.061,0.8019806450157321,0.005160829204629593,0.1700784433114258
naomimusgrave,0.3974105679321782,0.8352940256064164,0.11065614034336681,-5.803,0.1504272527468244,127.884,0.09259437521382036,0.0012170945760273553,0.023691830156265224
naomimusgrave,0.6188474017605894,0.9498062424243126,0.06542942678823928,-5.361,0.05714356872307419,134.389,0.4435787295107049,0.175651243965442,0.023989080633745122
naomimusgrave,0.845220554856047,0.7214666252028614,0.0820088019943002,-4.188,0.04641023651532389,122.958,0.19586195381722543,0.008590440741628468,0.08607360536009682
naomimusgrave,0.6992275443040397,0.8749419909635364,0.3819824487041285,-2.802,0.09038357978782974,119.927,0.6628481921175108,0.00013953347840250547,0.008559082089166394
naomimusgrave,0.763368981212233,0.5444519639090074,0.23059406116727355,-8.625,0.062208620893848654,89.999,0.39720279756817967,0.00018124206891505145,0.01676473920572258
naomimusgrave,0.5110333447518712,0.4835621809455866,0.12772605154324057,-8.372,0.03738175450352793,184.038,0.19074166329826103,0.0014647320012057688,0.0814044623851497
naomimusgrave,0.6342679831577507,0.42698456604846335,0.13181209898978435,-9.543,0.13777584490264733,84.849,0.3159222168556288,8.576924844274329e-08,0.10541723597961185
naomimusgrave,0.5042857999222212,0.469046877332403,0.10793958500093506,-9.349,0.08240012124537538,127.965,0.04308574815117479,0.5239770761994953,0.5175717790631356
naomimusgrave,0.7297149078402174,0.6140469320504299,0.1162928622534864,-10.538,0.07937322515153039,111.019,0.24330900711467826,0.3396948645071148,0.6248207917114006
naomimusgrave,0.6919907141886282,0.5837826684527297,0.24969635000515739,-7.426,0.12238023716631086,100.005,0.45056869704206065,1.2602995589329573e-09,0.14306128518966663
naomimusgrave,0.6849891731432585,0.3770694932850936,0.23969997031330254,-8.768,0.04088763124783207,143.949,0.26570080243785665,3.4669474265553636e-07,0.2595540597293005
naomimusgrave,0.3644936210297549,0.348260252766022,0.07618972081986883,-12.187,0.04488821627012646,131.665,0.10228385942147276,0.004962385368629923,0.6713551865386214
naomimusgrave,0.6443762764141822,0.31945267109015,0.14854790005902538,-9.105,0.03623043068635867,114.038,0.09476416911538162,4.8999171811910405e-05,0.6401847692010414
naomimusgrave,0.5536669112308517,0.47825591777873394,0.21116963703159353,-8.374,0.037306895434573606,118.004,0.06714029556803718,0.001621496605801215,0.2933114108078344
naomimusgrave,0.48948608147850947,0.5358018035735246,0.1654460297269062,-10.332,0.0903576251499707,175.879,0.03965759492404818,0.02639592291240608,0.5160032218124119
naomimusgrave,0.688924046196062,0.5513919155502318,0.2257945543052025,-6.403,0.0916268573158654,81.98,0.4504345422951073,0.02019445316078354,0.24912597334201886
naomimusgrave,0.7919850514564818,0.49168884000464586,0.1341853860812163,-7.295,0.057240515870301656,92.027,0.6083087779720768,0.0111527967239849,0.22898354717762087
naomimusgrave,0.8302009437174702,0.3762290899210146,0.10725515272722097,-10.926,0.06857632624048621,116.034,0.3408177171431537,0.031706598734983056,0.7691354393473054
naomimusgrave,0.3737164695655157,0.23760139553577,0.11917092588601107,-13.447,0.03907742978638057,106.867,0.0962016635436931,3.0087323296140478e-05,0.9107522007943629
naomimusgrave,0.5843518132370897,0.6082157883590772,0.11312809515007952,-8.438,0.03517696235218165,94.976,0.05551647518974386,0.0002492380050841917,0.10388480223319767
naomimusgrave,0.7037881372125788,0.6470086682691373,0.10090590626149021,-7.874,0.1711977617836697,92.002,0.6935003744765721,1.928554595492719e-06,0.06682235374706703
naomimusgrave,0.7232587373335281,0.8092003661609082,0.5653033248872229,-3.081,0.06250441551397529,98.007,0.27139477833061476,0.0012339563941345503,0.0034597642834659536
naomimusgrave,0.6626165547976294,0.8781739717864183,0.3277281407528081,-3.195,0.06456110079572325,158.035,0.6918300273984577,3.3896819287912355e-06,0.036818923837466745
naomimusgrave,0.6743837332850172,0.8221552528164274,0.15022129052569888,-4.247,0.04819298583060411,130.002,0.7259541650129742,1.32084511367014e-07,0.38602536341835036
naomimusgrave,0.5448322047002938,0.6531034435495059,0.07061556881467058,-6.537,0.037884338677811435,87.879,0.46940264348122407,1.1459978664773467e-07,0.12952208200529072
naomimusgrave,0.566332220836097,0.6166677910541462,0.07048845894234616,-4.748,0.04395115052741155,175.868,0.6346281495947613,3.328525203337903e-08,0.1650840151046283
naomimusgrave,0.5754903251474401,0.7536051495500478,0.07259809203903793,-5.998,0.024388508396296027,93.459,0.6707303888833896,0.0008361996423238418,0.09936303279677308
naomimusgrave,0.5924917465298937,0.8022608869789433,0.30404754197032113,-4.205,0.03602200282465673,121.055,0.4640211211205714,0.007063753631008435,0.18733656952379307
naomimusgrave,0.6948612582648748,0.6146510242441737,0.08791906575105943,-5.325,0.04199871518856563,124.015,0.4249672133446944,0.00021185115392100795,0.15017031374292356
naomimusgrave,0.7355597330482475,0.7671309355189281,0.08034807797422862,-5.489,0.0340015679604429,119.996,0.10412715513848536,2.1309843002021525e-07,0.10499944271986325
naomimusgrave,0.7346802667499833,0.6736769102161838,0.09238681337677025,-7.534,0.03749283021536132,121.006,0.07026559856814588,0.7890919450553516,0.0013048474532116625
naomimusgrave,0.4726545103025773,0.46115418598486235,0.09730400281332977,-6.474,0.33262060687662437,165.985,0.6110639781999299,3.334249150867358e-08,0.14914108595623965
naomimusgrave,0.699349140425077,0.6014078294157286,0.561696497969428,-6.48,0.030377212236735895,98.04,0.4358648276180287,1.1723518341418339e-05,0.09719797400461067
naomimusgrave,0.7021870369371019,0.7702935386895559,0.1028146807585621,-5.416,0.04822315260126342,107.951,0.5911492526857137,1.2610044894056309e-09,0.12409509929410686
naomimusgrave,0.6588431472277915,0.9063117267272135,0.10546401346377873,-3.906,0.042799276360268146,94.997,0.7783888650117713,3.274746961931509e-06,0.15558954110624595
naomimusgrave,0.6187828345972344,0.6384806374095693,0.10354741252428161,-7.145,0.028589407071525352,75.224,0.5991079642505837,1.6241359215905084e-05,0.007571706048228674
naomimusgrave,0.5594359905671186,0.669974176377762,0.17088182851002393,-4.985,0.04739304520808796,78.957,0.4519609333643939,0.00018432438445619621,0.5923170573812008
naomimusgrave,0.574041511132338,0.7637103705465027,0.11600087879392766,-4.797,0.22784807382925087,160.044,0.4816436296420027,0.0009737902226858424,0.6783881588396048
naomimusgrave,0.616033453410985,0.5053710997467739,0.161364833365854,-9.307,0.05796143795691927,139.956,0.22969651436191704,0.0011518212116418888,0.38108106721537227
naomimusgrave,0.651666125242448,0.5825665971698275,0.1456997939041655,-8.52,0.17330330038345582,140.024,0.4567232464267509,0.00020778578798831567,0.4649244378091402
naomimusgrave,0.8565793973267193,0.5438450729536468,0.1003027837954403,-5.67,0.04241519945673594,92.004,0.7244681816007585,0.006114044935745344,0.5615351478265028
naomimusgrave,0.7138359810764144,0.6449139551442339,0.10899140017820662,-5.473,0.031243062645698816,114.999,0.42492799239889345,0.24953965429577554,0.1337221101880971
naomimusgrave,0.6180868719699318,0.6239262320875198,0.338735061761762,-3.749,0.02833349340415492,85.994,0.7687123748181675,9.881327708998124e-10,0.08846490136105718
naomimusgrave,0.7042966772602685,0.8074163671593437,0.3347316085223856,-4.12,0.04388057810602769,126.004,0.7168817257920381,5.659873584466776e-07,0.2355929646724925
naomimusgrave,0.7015119525633712,0.55940512097126,0.10142622089320422,-6.205,0.08152336427357892,99.964,0.7096262333101365,3.1207806425006797e-08,0.056231252555852776
naomimusgrave,0.5293137843221013,0.9548651683628266,0.35280176890023546,-2.59,0.07936364693142373,125.988,0.10183168605555117,4.54774103143363e-05,0.03441199902427434
naomimusgrave,0.6856519101682893,0.9518068595828498,0.25426112954747976,-3.859,0.2413024562476555,126.017,0.4358213693224,9.908507283269915e-07,0.0068388477630363514
naomimusgrave,0.6416896557109358,0.8188102664243371,0.19662491550059544,-5.459,0.031290369598874934,112.004,0.37756879440863095,0.0014417291493778064,0.0015468382937445142
naomimusgrave,0.6764804244836905,0.9640361085931727,0.3785597630917295,-2.078,0.13312502752945654,125.951,0.49208788765897893,9.718533382250307e-05,0.026509870148726
naomimusgrave,0.5108623565215593,0.7244747011051211,0.15475481097202456,-4.333,0.04952830774108585,80.01,0.1345761340907275,1.0946571110477098e-05,0.07733784797999498
naomimusgrave,0.7973270340359591,0.9476518198571461,0.08545765827548242,-3.37,0.0954373066455676,127.987,0.18730208758100786,0.011936674255503512,0.0285392546346418
naomimusgrave,0.5638394976398208,0.679622650924209,0.24658764929463098,-6.487,0.03569738771336556,89.938,0.25193306544851246,0.00017923753891844387,0.2314276524414985
naomimusgrave,0.5940580351027528,0.6491753796679743,0.10536313475253933,-6.065,0.028874183923980612,144.961,0.11901894844380281,0.0034493354618604743,0.056144290531775096
