connor,0.15230254520415573,0.6353171440907857,0.05921467500488277,-3.838,0.03527327426474092,73.979,0.227152238534429,0.012534244002973496,0.4730072230903167
connor,0.15672250669228868,0.7176661204002119,0.12238669185172972,-5.094,0.0422249178847392,59.084,0.2040783192526478,3.311281048032774e-07,0.39376343157881427
connor,0.16371117322127576,0.5746267196539675,0.3777367112056254,-7.25,0.033109891491743926,73.489,0.40247837318100455,0.31220408872728583,0.6967299448370411
connor,0.16517932960236265,0.744182028040338,0.29470124584574947,-5.529,0.0,93.037,0.18107388547822972,0.009684161999583923,0.008514441580639109
connor,0.21918100552667347,0.43501871361819844,0.09404416218151482,-6.87,0.030599593001187864,88.945,0.10798858508535883,8.595697991627383e-05,0.8125783042040484
connor,0.25221119497178945,0.2865791275595921,0.10026897311796812,-14.907,0.0380449848897772,147.244,0.17454709076700037,0.8323854361114199,0.9761354671298035
connor,0.25523767158795746,0.9236392713393092,0.1428149873264216,-5.903,0.29609508080870633,189.441,0.31836304322201725,1.0895692787051825e-05,0.4709716903486766
connor,0.26532076827876455,0.6219801284523293,0.06262445595276582,-8.693,0.040672623434332256,180.057,0.46556264297853084,0.04842790694931989,0.8711790638717377
connor,0.31389807260258484,0.4254233651484656,0.3035073435824574,-9.379,0.032034828429299556,161.774,0.4538622184554571,0.0008194735892425123,0.8961661683106322
connor,0.32933446900813906,0.8946918969473359,0.2653010733059579,-4.488,0.04854905811360055,160.947,0.6008079547010845,0.7590005172779751,0.361092550801619
connor,0.37071295617664757,0.5126577575160892,0.374939146574937,-7.495,0.029399189321450414,100.893,0.5471470818011397,1.3695778993382826e-05,0.570170375735414
connor,0.37739070233292005,0.568788065026497,0.08381950586963556,-5.702,0.06945195029526308,80.088,0.48942649775361124,1.936104140441239e-10,0.5211309313300466
connor,0.3888564713545776,0.5324591880270517,0.08977702838113229,-6.18,0.03664969537836443,130.725,0.4361612551344878,2.80398745258403e-05,0.0019591161349004423
connor,0.4066706120548131,0.4881101968519183,0.314788834079895,-6.515,0.03281061263506202,93.939,0.3062190006832146,0.873961865600249,0.09185353555441034
connor,0.413398241574042,0.7071905955555812,0.2932068994628283,-8.65,0.03746992661324916,94.614,0.490073054988629,2.8353381925122858e-06,0.023231372276033273
connor,0.41845783063239966,0.6328468348836244,0.11145067826734284,-6.223,0.03254514348778925,77.901,0.1227198331126743,0.0004311536160662903,0.01170338627893301
connor,0.4195769539761866,0.7915431969101554,0.2141380686177771,-5.909,0.028017367466613374,175.389,0.7131240387628819,0.0006213659325317709,0.00777544115886067
connor,0.4199874005867637,0.6132022852086005,0.09943369263515037,-6.188,0.031731612972968226,77.974,0.10848200229014222,0.0010076302060550478,0.010434671129413401
connor,0.4248483720343458,0.47918074804829425,0.18230781334709154,-8.329,0.034661302831483276,118.007,0.5323217571685445,6.7710883527012045e-09,0.455118538570258
connor,0.42796035328971255,0.8861973488328788,0.11934397431382139,-4.789,0.04131069653390679,119.292,0.32334043506698956,9.398955130901887e-05,0.13369863853329414
connor,0.43655832495549035,0.6461357467484848,0.7493526544471655,-5.305,0.03734189277783945,119.969,0.3557904181923206,0.029203922132630632,0.026410493769889486
connor,0.4398048796620796,0.8335502699903387,0.2106338533599023,-4.9,0.04033171134466407,117.011,0.1612178405408067,3.2312696189912534e-05,0.0004106474263525814
connor,0.44118802734016765,0.7112215595077069,0.23560848722406694,-4.906,0.03295528522660929,155.289,0.6488219951256474,6.331441849445368e-08,0.06824049875583797
connor,0.4418010459361281,0.7948986511784607,0.27901982540764897,-6.439,0.04737559950070708,156.02,0.6811159205054103,0.00028429321266305104,0.035589584555947254
connor,0.44642786369167853,0.642744167558773,0.09513819225643795,-7.925,0.056149932379439715,99.608,0.5269030624537978,0.0008176389871575814,0.670289036584572
connor,0.45033503806906533,0.6584672311317544,0.2637996437774499,-7.064,0.04715415997574657,106.799,0.7869255840506696,3.136680476931506e-06,0.648351898925755
connor,0.45671814280998346,0.6539557929755255,0.11393629802738794,-8.153,0.0331366195368934,79.953,0.7784118996024425,0.5068611924499937,0.45496516587674224
connor,0.45990813479392584,0.6115878283833921,0.3411095975915331,-5.856,0.039304834256374155,147.751,0.5350553805160675,0.00032042341875915823,0.02091585840905834
connor,0.46149087698449776,0.9144819987769452,0.19428425501667068,-5.376,0.06706177962238491,161.683,0.5012241677943993,0.021899553931804098,0.0038710093383875423
connor,0.463755331919194,0.7853314057373795,0.3280455916306581,-7.42,0.04355187965359314,153.005,0.5051308034046554,1.4554383942754674e-06,0.0011704151301754205
connor,0.46424336855675286,0.7972036097629754,0.39205980449998196,-5.244,0.03328985517435923,129.964,0.5513784677125362,0.00030448052572694406,0.006000414880322172
connor,0.4703722622670192,0.7722020546607813,0.3526570174251826,-7.656,0.13114777008549838,118.79,0.8398215108170369,0.0435065192992155,0.22988665584886753
connor,0.4716536480488812,0.5273115980411125,0.6038350416248595,-6.194,0.029676211098821903,144.192,0.3178581224231817,0.00031780919108367244,0.04943071956531181
connor,0.4735393039861151,0.586348012256891,0.07716553732705542,-7.572,0.036091224486116846,170.633,0.48050948754298745,0.02322920109399252,0.5591046525713783
connor,0.4748670857678931,0.7059568161111041,0.13071280064061266,-7.861,0.03400650003985467,146.782,0.46154500940487375,0.00013709708177018007,0.5753321271603937
connor,0.48197853974222005,0.8082114707705953,0.1280802652347784,-3.1,0.030939742176211427,122.212,0.5343374869526231,0.00019893006380919715,0.020637455354493607
connor,0.4829303552963969,0.3425448379472916,0.09931189374897137,-9.283,0.03084585488210484,86.007,0.04426374949432752,0.9653823521635815,0.5175411655333384
connor,0.4856862032421918,0.5817388124691002,0.10676380623249682,-6.838,0.13903450839133613,88.061,0.33056127361585674,0.0006487108091758102,0.29178823861753556
connor,0.49434763716925734,0.5454123123070334,0.7094460113115562,-7.205,0.032789918885710145,126.338,0.31877867224779033,0.0003269083183677131,0.31218281360558986
connor,0.5002937842654565,0.7885771228236036,0.27152177382874304,-4.631,0.03337667761343188,119.76,0.6494224960656891,6.946734419324325e-08,0.008673814307267078
connor,0.5010454478207476,0.8519503537700818,0.37834747016684234,-2.812,0.03749969412190546,129.954,0.5565079132195538,6.4534678034932615e-06,0.15018059962506508
connor,0.503650195353408,0.762618324196517,0.22219373139926007,-5.363,0.030541194896719637,109.008,0.414861307771055,0.28249811231390454,0.3925356353609856
connor,0.504531695878464,0.5677692836554129,0.08891508309987678,-8.117,0.027347381856755226,90.042,0.08016557878864937,0.7937736077465286,0.6537746031843552
connor,0.5046003044647288,0.645051505139859,0.104800616989774,-7.738,0.0374778913277341,91.84,0.7211230430132743,0.022668913237153417,0.8644671475252311
connor,0.5072041723721572,0.5172231963190532,0.10352459002889125,-8.843,0.026968040003287175,118.014,0.41921829465072746,0.2753304889033682,0.776191919894737
connor,0.5139364562906387,0.8808135895302746,0.13865095456324994,-7.154,0.03634047285642722,149.004,0.39657604084937664,0.16004216717761396,0.08700410501524282
connor,0.5150074891413526,0.7996763387599306,0.33164257639876504,-5.553,0.03205782824037989,95.871,0.7157628200025383,0.0021921185391589625,0.29075149712387477
connor,0.5174388183624391,0.4512759216152228,0.09906063719893422,-8.877,0.03352256694510325,129.958,0.33417440976683327,0.09630009489440435,0.7852654987503987
connor,0.5215306131522351,0.7430993240309073,0.14648095319104018,-5.518,0.030662897135431633,125.993,0.18769300572058392,0.5116427039999677,0.0009125757531548889
connor,0.5239231224643389,0.8380411258385542,0.1465249131242769,-5.055,0.04577989995281484,90.993,0.7671108205327942,0.06244897920788865,0.02615635515838181
connor,0.5307365126446892,0.765249806731984,0.20929616893677078,-7.844,0.0349153727934689,135.457,0.4595875747791264,0.00031258894903944554,0.00679627138549977
connor,0.5323180238043292,0.7837885697779323,0.1421015211745438,-4.889,0.053209886224086955,141.992,0.2070916481656003,0.06521787088607053,0.0013925425935192655
connor,0.5333005596158871,0.6288755833311732,0.3572731624228427,-8.423,0.040969193138655546,123.949,0.1695494736109278,0.36561959436943886,0.42496322957023297
connor,0.5334890959374833,0.7831530680734949,0.1088586481041768,-4.992,0.03140424986132789,109.899,0.7141280898810096,3.438352404171188e-10,0.04011098711829388
connor,0.5371813072511338,0.7503826672593878,0.09983507276742913,-6.266,0.028183924209796984,147.979,0.807894346979997,0.0021773360008164565,0.004349636005540517
connor,0.5380983722418867,0.8895525903540521,0.272370785692251,-2.622,0.04987358967074751,121.03,0.40222704042079094,0.04607121450602717,0.02476591495068302
connor,0.5417308237774778,0.6652773152208276,0.09338729151378083,-5.213,0.06918435497006958,183.939,0.459139353829902,1.509038049402172e-08,0.18945829091848293
connor,0.5419353529141991,0.8397411388742794,0.11697638855588122,-4.91,0.04972206169971599,130.093,0.5668371911267021,5.963987260612991e-05,0.010033405757939987
connor,0.5438818090603966,0.4359340650031662,0.1411464452652015,-7.23,0.18445978471699764,80.159,0.681857068559596,2.305656786225402e-14,0.857893577711186
connor,0.54452205620163,0.6364679705248406,0.17771519974665625,-7.917,0.030449243952476446,88.041,0.4060555636832771,0.07402013063771949,0.2324454233928981
connor,0.5458058168951747,0.42922116972341834,0.09756584699070472,-10.636,0.032092458935968626,141.091,0.2905327664362007,0.4033271272056865,0.7575490200867089
connor,0.5483508231798023,0.7857681850989827,0.261421098102921,-7.421,0.028444257518432547,140.352,0.46736236429405636,0.01970970802716984,0.860528259476542
connor,0.5496478959626044,0.8240307231811139,0.3657349460710945,-5.988,0.03342010016746394,114.512,0.7625938963642577,0.00012686628125388382,0.4478910808292422
connor,0.5510721606569057,0.8360962480219987,0.16214860535180095,-4.65,0.047663600764714376,96.986,0.29052824603966443,1.8333991842881052e-06,0.13557317230232172
connor,0.5533047506386782,0.812636536262327,0.10699004901282416,-4.915,0.03975075949370982,145.048,0.7554700788799839,8.100391848781218e-07,0.004041271519352445
connor,0.5563122472320865,0.894063113757888,0.854194120155506,-5.7,0.048901762392751735,174.036,0.9351309997526412,0.00043079495720158484,0.03240215241279193
connor,0.5581733605718001,0.856183723636809,0.39526044368461516,-7.055,0.04099301835231428,108.194,0.5910738972024818,9.045810006029424e-07,0.03514667095477071
connor,0.5677913558232347,0.7365626102109005,0.36240419172307525,-8.221,0.025581447104265465,98.84,0.4933251176770276,0.1978491224085095,0.3833134495968943
connor,0.5737492511529364,0.5877846935098374,0.08798965530920601,-5.312,0.042669285666998846,139.931,0.5272700794872593,0.00016284851222284565,0.0064028487556294185
connor,0.5790283139156195,0.5535141105263455,0.10085972222482313,-7.08,0.05874794392803884,185.183,0.831016814388029,0.022068427238684876,0.017463728660680054
connor,0.5798500297761507,0.665180321188179,0.06953327420903986,-6.775,0.04298625914852028,146.051,0.3369484440707357,0.03152784220017115,0.26449070690442356
connor,0.5806475116660705,0.23205467614574143,0.1114689291054269,-9.343,0.03085070571556342,84.861,0.3499264944076818,4.39013281989148e-05,0.7226935616752972
connor,0.5879141607919647,0.6134175150654846,0.10735086601434775,-9.656,0.03957394183945012,119.536,0.19597675371559214,0.04215487852666723,0.3688494704136669
connor,0.5883245011724879,0.6334099940167018,0.13884265137428406,-5.772,0.039157763155421466,119.908,0.5816526325385325,5.9453692920751344e-05,0.15316451630418798
connor,0.5946248364919757,0.8406885921470125,0.17498171615827002,-7.443,0.03118377968034708,129.992,0.5707238476992059,0.005138653732342592,0.02223011997298035
connor,0.6004271094698487,0.7702888896645451,0.16765921451661195,-5.209,0.02784782279749437,111.127,0.7642358287932262,0.9501419322433348,0.347921345218876
connor,0.6008876473865229,0.8733710680587626,0.11289565769587177,-5.866,0.04478497189758368,124.997,0.5663174825590748,0.03650713741329411,0.0048796710644525764
connor,0.6058684314394642,0.9469079694392509,0.07997761140984289,-4.254,0.052097210678337336,154.485,0.8107218196601257,0.0001622675800522145,0.019422184152480846
connor,0.6079959474195714,0.6421077110504428,0.166070406704515,-7.978,0.025117905321080325,87.703,0.6074966249870564,0.06665282119559544,0.16974430351645975
connor,0.6122695191370258,0.5728875124075054,0.11549622222983229,-7.31,0.029913483211651937,109.996,0.4253527823992416,0.04207739760124619,0.9197159796427846
connor,0.612534826940093,0.6610977159306779,0.09760845464666441,-4.984,0.02634266122151524,110.978,0.49728446030610357,6.313554929536095e-08,0.006523266470741015
connor,0.6126151495675404,0.8847082659184279,0.09974486957736366,-7.463,0.052032692130625224,118.506,0.9206652848746755,0.7459584364012417,0.08035408702014406
connor,0.6166328752908203,0.8172265553434683,0.1461619676157006,-7.136,0.03538825141563373,159.907,0.7979243210451087,3.3423846605236982e-06,0.04269638690448851
connor,0.6178222227067237,0.8109827211397739,0.12908394621732985,-5.038,0.0305720392550744,104.668,0.7602733350378128,0.0017560361909489852,0.12270988631380374
connor,0.6236698228445627,0.5730135271777499,0.21218606101384258,-8.214,0.028096208456711402,129.984,0.6418738999426081,0.31176947705801006,0.19819572846594477
connor,0.6322868648365102,0.7332880695630855,0.09881559144643859,-6.924,0.02933693669387827,107.056,0.7033938158288462,1.0382892361943014e-05,0.1786138852729664
connor,0.6379205372418773,0.8003762485664534,0.11341793790669664,-12.077,0.05723364924285507,112.055,0.5654855219209047,0.005530381372059469,0.37189413815017214
connor,0.6379205372418773,0.8003762485664534,0.11341793790669664,-12.077,0.05723364924285507,112.055,0.5654855219209047,0.005530381372059469,0.37189413815017214
connor,0.6384285858693218,0.8700500187003091,0.1968547654523982,-3.895,0.028175517478308265,89.979,0.8358361219569048,0.00033996052542241927,0.1702877543558748
connor,0.6461537659892114,0.7240918098712894,0.21849287145378962,-8.199,0.03183205181108434,126.527,0.8810286891896293,0.06360134846316273,0.05573606901754301
connor,0.6611056380839629,0.9077222835641098,0.07084779866849074,-4.897,0.0390364154092932,144.091,0.6657219610339048,3.3941450608628e-07,0.05200853064026847
connor,0.6694127909833895,0.7267084412597077,0.060813843105548236,-5.054,0.03251150214590143,139.989,0.8606891640926646,1.9802233620071863e-05,0.01978365564873279
connor,0.6694342550658654,0.38861401353130165,0.09052365498443883,-11.547,0.030596763854674247,130.015,0.6418319931011655,0.1602058459559168,0.6046017133222509
connor,0.6713357427443956,0.3725767813149121,0.04812526195721294,-18.064,0.03233331711857479,92.717,0.734659039908326,7.954149178168406e-05,0.25661811097749965
connor,0.6775390698233075,0.7868320740440382,0.19867053888394604,-9.045,0.05824908332307693,102.513,0.8014446838490206,0.002709796099443203,0.45312832521279656
connor,0.6778071940132987,0.2749675433543949,0.10658225155446302,-11.383,0.03445348599353926,101.257,0.47988167399157744,0.00017723636700643807,0.6003917995655684
connor,0.6783018150175055,0.5239428724780313,0.1528293424408885,-9.679,0.0707806736348503,148.246,0.8820893062193784,2.4582271060977117e-05,0.5304475972323444
connor,0.6845947983023292,0.6606544195468708,0.10272676936336364,-8.128,0.033104685643443654,117.019,0.2635702072374944,0.017490170329706067,0.048541922273019976
connor,0.6856131514987458,0.17199176761690357,0.2858209403232571,-14.979,0.04092153958418032,133.899,0.5524295491097916,0.0015377215259089066,0.9087335942233452
connor,0.7001674300223963,0.7864496066244507,0.09493147573687785,-4.867,0.0,96.003,0.7095274753583474,1.5833226717147942e-07,0.1370676390846956
connor,0.7036707137240693,0.41171213259412487,0.10309532153912626,-7.623,0.03321774847775372,138.109,0.6971344194998145,2.8771563697600028e-05,0.8956428995836823
connor,0.7037115170921538,0.6743822361484295,0.09781269977600726,-7.389,0.030835436061185884,134.981,0.7034415075087455,0.0517686567139742,0.1754585483431369
connor,0.7116699742749302,0.23927536696938503,0.06828238430196866,-13.496,0.031122432602499417,100.133,0.46882621960761467,1.5120694326779678e-05,0.43116230155496965
connor,0.7175149543161294,0.7094883618309195,0.17812744800369565,-5.013,0.1392306927364838,104.691,0.6080472143263271,0.0037866956473261238,0.008541970114140566
connor,0.7277290016786172,0.6710454370402745,0.10944716492159709,-6.772,0.027033164433139634,131.72,0.9553925211191593,0.0057423090212744545,0.30667116691208546
connor,0.7353904036829437,0.4566961644446588,0.1456908289074278,-10.825,0.0297588232571811,111.003,0.6082008054659087,2.3474009925864783e-08,0.049645389338635
connor,0.7513773497752725,0.2276936506488077,0.07290424495658386,-17.085,0.045266756485398296,110.42,0.2158453766048153,0.33470009658802274,0.7328204036720414
connor,0.7636573413796899,0.7276864296775938,0.1109601473965927,-6.56,0.04838512118996058,100.021,0.3397959069040134,2.2906077355167018e-05,0.5508982923113309
connor,0.7650788311314539,0.788186301728716,0.051326039155327276,-9.896,0.03315996705088292,126.879,0.9633137677007859,0.5884090995867864,0.016574287712390938
connor,0.7772571989839053,0.7247753979277956,0.09168077514027578,-9.012,0.04699483031769652,128.349,0.8438272972515186,0.010835420191040245,0.12565921944566666
connor,0.7909180671838729,0.7335827569770393,0.16671611550963825,-5.464,0.06293991192182868,105.854,0.9619809489594623,0.0016458745264950642,0.5216802721733237
connor,0.7962967945458603,0.8805332051834237,0.16257543685088705,-4.219,0.03065120855357345,129.066,0.9685706954011744,0.0008672127198425149,0.6642386511654945
connor,0.8693320117917741,0.6483976325372174,0.12630944046762532,-8.698,0.06325745764214469,125.035,0.8952398789487634,2.1721878955423084e-05,0.12083662840965506
connor,0.8872806919543148,0.48007445048274183,0.06618954364838014,-11.994,0.11674963589261994,95.846,0.6167411656677803,3.5816736486599446e-05,0.009404969310230252
connor,0.9848780190575326,0.8951756625386214,0.06284058347213312,-7.815,0.04712418773678434,119.751,0.9676518840915228,0.012764022441303324,0.5528206874384772